lat	lon	Y	year
  -5.6512001e+01   1.7633400e+02   1.4799992e-01   2.0070000e+03
  -5.6216000e+01   1.7640500e+02  -4.7299980e-01   2.0070000e+03
  -5.7402000e+01   1.7486800e+02  -2.7800020e-01   2.0070000e+03
  -5.1922001e+01   1.6118201e+02  -1.3790002e+00   2.0070000e+03
  -5.1332001e+01   1.6205400e+02  -9.7100001e-01   2.0070000e+03
  -5.1998001e+01   1.6171600e+02  -1.0700001e+00   2.0070000e+03
  -5.8356998e+01   1.6913300e+02  -1.0360000e+00   2.0070000e+03
  -5.9498001e+01   1.6796700e+02   6.5400003e-01   2.0070000e+03
  -5.8928001e+01   1.7097701e+02  -7.2199981e-01   2.0070000e+03
  -6.2169998e+01   1.6764900e+02   9.8999908e-02   2.0070000e+03
  -6.2606998e+01   1.6927000e+02   1.0399999e-01   2.0070000e+03
  -6.2873001e+01   1.7001401e+02   1.7199993e-01   2.0070000e+03
  -5.7492000e+01   1.6532300e+02  -1.8900980e+00   2.0070000e+03
  -5.8524000e+01   1.6963800e+02  -1.7858982e+00   2.0070000e+03
  -5.5705000e+01   1.7046700e+02   4.1390093e-01   2.0070000e+03
  -5.7486000e+01   1.7677000e+02  -5.3376240e-01   2.0070000e+03
  -5.6735000e+01   1.7799800e+02   7.5702942e-01   2.0070000e+03
  -6.1251000e+01   1.7980600e+02   1.3795053e-01   2.0070000e+03
  -6.0063000e+01   1.7678300e+02   7.3086272e-01   2.0070000e+03
  -6.0326000e+01   1.7669800e+02   4.5212123e-01   2.0070000e+03
  -6.0243000e+01   1.7723200e+02   6.2455456e-01   2.0070000e+03
  -5.5535000e+01   1.7464200e+02   1.7950000e+00   2.0070000e+03
  -5.5327000e+01   1.7345000e+02  -5.2961644e-01   2.0070000e+03
  -5.4192000e+01   1.7825700e+02   5.6242726e-01   2.0070000e+03
  -5.2046000e+01   1.7535600e+02  -2.6063556e-01   2.0070000e+03
  -5.0452000e+01   1.7536600e+02  -1.5271874e+00   2.0070000e+03
  -5.0433000e+01   1.6436500e+02  -2.8330936e-01   2.0070000e+03
  -5.4140000e+01   1.6906500e+02   3.0198129e-02   2.0070000e+03
  -5.4484000e+01   1.6908200e+02   1.1759396e-01   2.0070000e+03
  -5.4405000e+01   1.6955700e+02   4.1802042e-01   2.0070000e+03
  -5.1700001e+01   1.7636900e+02   1.0361649e+00   2.0080000e+03
  -5.1049000e+01   1.7729700e+02  -3.6261757e-01   2.0080000e+03
  -5.0910999e+01   1.7793100e+02   1.7446159e-01   2.0080000e+03
  -5.3727001e+01   1.7727400e+02   3.1499982e-01   2.0080000e+03
  -5.4431999e+01   1.7600500e+02   1.2200002e-01   2.0080000e+03
  -5.4812000e+01   1.7656000e+02   3.0800015e-01   2.0080000e+03
  -5.5842000e+01   1.7450700e+02  -1.5520011e-01   2.0080000e+03
  -5.7027000e+01   1.7462300e+02   2.0665233e-01   2.0080000e+03
  -5.7394000e+01   1.7570200e+02   5.6155176e-01   2.0080000e+03
  -5.3713000e+01   1.7518200e+02  -5.3646916e-01   2.0080000e+03
  -5.0574000e+01   1.7764000e+02  -3.0933320e-01   2.0080000e+03
  -5.3131000e+01   1.7386000e+02   1.7833269e+00   2.0080000e+03
  -5.9069000e+01   1.7696400e+02  -9.3924242e-01   2.0080000e+03
  -5.3519000e+01   1.7594100e+02  -2.6385742e+00   2.0080000e+03
  -5.1513000e+01   1.6431200e+02   8.1143125e-02   2.0080000e+03
  -5.1844000e+01   1.6476400e+02   1.4706248e-01   2.0080000e+03
  -5.2036000e+01   1.6523800e+02   4.0563275e-02   2.0080000e+03
  -5.8053000e+01   1.7409300e+02   1.1589602e+00   2.0080000e+03
  -5.8238000e+01   1.7483600e+02   1.3895743e+00   2.0080000e+03
  -5.8094000e+01   1.7339300e+02   1.0143763e+00   2.0080000e+03
  -6.1661000e+01   1.6978500e+02  -1.1821365e-01   2.0080000e+03
  -6.2543000e+01   1.7317800e+02   2.8805170e-01   2.0080000e+03
  -6.1784000e+01   1.7578400e+02   1.4214267e-01   2.0080000e+03
  -5.7367000e+01   1.6987800e+02  -1.5614500e+00   2.0080000e+03
  -5.7809000e+01   1.6815900e+02  -1.9940400e+00   2.0080000e+03
  -5.8369000e+01   1.6947900e+02   1.3906336e+00   2.0080000e+03
  -5.5407000e+01   1.7594600e+02  -7.7485005e-02   2.0080000e+03
  -5.5265000e+01   1.7588100e+02  -1.2415049e+00   2.0080000e+03
  -5.5252000e+01   1.7688600e+02   1.0250495e-01   2.0080000e+03
  -5.8060000e+01   1.7799300e+02  -9.3721222e-01   2.0080000e+03
  -5.7551000e+01   1.7830400e+02  -1.2227864e+00   2.0080000e+03
  -5.8058000e+01   1.7907800e+02  -1.0071652e+00   2.0080000e+03
  -5.9430000e+01   1.6254700e+02  -3.2371106e-02   2.0090000e+03
  -5.9938999e+01   1.6439799e+02   1.9172720e-01   2.0090000e+03
  -5.5554000e+01   1.6732800e+02   5.5680006e-01   2.0090000e+03
  -5.0535999e+01   1.6463499e+02  -1.4599959e-01   2.0090000e+03
  -5.1144001e+01   1.6491299e+02   1.1473231e-01   2.0090000e+03
  -5.1985001e+01   1.6431500e+02   1.5659770e-01   2.0090000e+03
  -5.0330000e+01   1.7978500e+02  -8.8326819e-02   2.0090000e+03
  -6.3096000e+01   1.7862300e+02   8.5303076e-02   2.0090000e+03
  -6.2986000e+01   1.7842400e+02   1.1907219e-01   2.0090000e+03
  -5.7334000e+01   1.6788300e+02   8.0978330e-01   2.0090000e+03
  -5.8138000e+01   1.6804500e+02   1.1098760e+00   2.0090000e+03
  -5.3563000e+01   1.7956100e+02   3.5420735e-01   2.0090000e+03
  -5.3782000e+01   1.6546100e+02   1.1649998e-01   2.0090000e+03
  -5.9160000e+01   1.6565200e+02   2.7395824e-01   2.0090000e+03
  -6.0618000e+01   1.7628000e+02  -7.2917439e-02   2.0090000e+03
  -5.2541000e+01   1.6819200e+02  -7.8213495e-02   2.0090000e+03
  -5.8292999e+01   1.7201199e+02  -2.6835718e-01   2.0100000e+03
  -5.3598000e+01   1.6161301e+02  -1.2987697e+00   2.0100000e+03
  -5.5903000e+01   1.6233000e+02  -1.0257755e+00   2.0100000e+03
  -5.5696000e+01   1.7372000e+02   3.3727667e-01   2.0100000e+03
  -5.4900000e+01   1.7245400e+02   5.4808535e-01   2.0100000e+03
  -5.3834000e+01   1.7544200e+02   2.1267001e+00   2.0100000e+03
  -5.4280998e+01   1.6104500e+02   1.7654322e-01   2.0100000e+03
  -5.2749001e+01   1.6214799e+02  -1.4575378e+00   2.0100000e+03
  -5.1131001e+01   1.6256300e+02   7.3758760e-01   2.0100000e+03
  -5.2351002e+01   1.6107800e+02   1.0687179e+00   2.0100000e+03
  -5.2216999e+01   1.6243401e+02   6.6813061e-01   2.0100000e+03
  -5.2970000e+01   1.6750300e+02  -2.6741909e-01   2.0100000e+03
  -5.2784000e+01   1.6742900e+02   1.1146588e-01   2.0100000e+03
  -5.2561000e+01   1.6710300e+02  -2.2278638e-01   2.0100000e+03
  -5.1311000e+01   1.6199400e+02  -4.3927941e-02   2.0100000e+03
  -5.0997000e+01   1.6079000e+02  -1.5443232e+00   2.0100000e+03
  -5.6822000e+01   1.7260000e+02  -3.8355455e-01   2.0100000e+03
  -5.8122000e+01   1.7605700e+02   3.5329404e-01   2.0100000e+03
  -5.7845000e+01   1.7596700e+02   4.4303183e-02   2.0100000e+03
  -5.9184000e+01   1.7732500e+02  -4.5421006e-01   2.0100000e+03
  -5.8710000e+01   1.7762200e+02  -2.4877666e-01   2.0100000e+03
  -5.8191000e+01   1.7790000e+02  -1.6291846e-01   2.0100000e+03
  -5.5269000e+01   1.7752900e+02  -1.3350107e+00   2.0100000e+03
  -5.5831000e+01   1.7590500e+02  -5.7782120e-01   2.0100000e+03
  -5.6631000e+01   1.7459500e+02  -2.2512243e-01   2.0100000e+03
  -5.9218000e+01   1.6578200e+02   7.0381557e-01   2.0110000e+03
  -5.9287000e+01   1.6471300e+02   6.4023810e-01   2.0110000e+03
  -5.8996000e+01   1.7922100e+02   4.8518358e-01   2.0110000e+03
  -5.7951000e+01   1.7314100e+02  -2.7945102e+00   2.0110000e+03
  -5.8359000e+01   1.7358000e+02  -8.9837006e-01   2.0110000e+03
  -5.9470000e+01   1.7216800e+02   5.9103025e-02   2.0110000e+03
  -5.9431000e+01   1.6533600e+02   9.9702142e-01   2.0110000e+03
  -5.8827000e+01   1.6546600e+02   3.0919415e-01   2.0110000e+03
  -5.8449000e+01   1.6492000e+02  -5.7045636e-01   2.0110000e+03
  -5.7265000e+01   1.6751700e+02   1.1776801e+00   2.0110000e+03
  -5.9430000e+01   1.7034700e+02   1.2711686e+00   2.0110000e+03
  -5.9294000e+01   1.7177000e+02   1.1420362e+00   2.0110000e+03
  -5.6415000e+01   1.6235400e+02  -8.1745457e-01   2.0110000e+03
  -5.6569000e+01   1.6260000e+02  -7.4016851e-01   2.0110000e+03
  -5.8155000e+01   1.7037400e+02  -1.0409363e-01   2.0110000e+03
  -5.8589000e+01   1.6771100e+02  -8.9222822e-01   2.0110000e+03
  -5.4651000e+01   1.7061700e+02   7.8470010e-01   2.0110000e+03
  -5.3555000e+01   1.7365500e+02   1.3025099e+00   2.0110000e+03
  -5.0726000e+01   1.7584400e+02   1.3196501e+00   2.0110000e+03
  -5.5014000e+01   1.7145000e+02  -1.1617671e+00   2.0110000e+03
  -5.3338000e+01   1.6176300e+02   1.6406396e+00   2.0110000e+03
  -5.2999000e+01   1.6310500e+02   5.0109985e-01   2.0110000e+03
  -5.3654000e+01   1.7925600e+02  -1.2086930e-01   2.0120000e+03
  -5.3882000e+01   1.7994600e+02  -6.2245704e-01   2.0120000e+03
  -5.8533000e+01   1.6640000e+02   6.6000011e-01   2.0120000e+03
  -5.9454000e+01   1.6801000e+02   1.4262617e-01   2.0120000e+03
  -6.0069000e+01   1.6883900e+02  -2.3944101e-01   2.0120000e+03
  -5.0103000e+01   1.6073400e+02   3.5782476e-01   2.0120000e+03
  -6.4981000e+01   1.7181100e+02  -1.0089496e-01   2.0120000e+03
  -5.1920270e+01   1.6434799e+02   1.1019745e-02   2.0120000e+03
  -5.1891730e+01   1.6443549e+02   3.1999641e-02   2.0120000e+03
  -5.1858960e+01   1.6451784e+02  -1.9997482e-03   2.0120000e+03
  -5.1833180e+01   1.6459103e+02   5.1019346e-02   2.0120000e+03
  -5.1343870e+01   1.6406674e+02  -7.7640117e-02   2.0120000e+03
  -5.2396200e+01   1.6341025e+02   2.6199976e-01   2.0120000e+03
  -5.2438940e+01   1.6346755e+02   2.8400008e-01   2.0120000e+03
  -5.2462830e+01   1.6357605e+02   2.6700044e-01   2.0120000e+03
  -5.2474290e+01   1.6364420e+02   1.3498085e-01   2.0120000e+03
  -5.1989820e+01   1.6471227e+02  -2.3999573e-02   2.0120000e+03
  -5.8553050e+01   1.6351030e+02  -1.5399989e-01   2.0120000e+03
  -5.8646000e+01   1.6337400e+02  -7.7000065e-02   2.0120000e+03
  -5.8684120e+01   1.6336305e+02   7.7399993e-01   2.0120000e+03
  -5.8749290e+01   1.6330116e+02   5.7898030e-01   2.0120000e+03
  -5.8987340e+01   1.6426744e+02  -1.4631996e-01   2.0120000e+03
  -5.8927020e+01   1.6459379e+02   7.7447553e-03   2.0120000e+03
  -5.8884740e+01   1.6476388e+02  -3.5999926e-02   2.0120000e+03
  -5.9416920e+01   1.6525207e+02  -5.2690178e-01   2.0120000e+03
  -5.9362310e+01   1.6557309e+02  -7.1000074e-02   2.0120000e+03
  -5.9377240e+01   1.6590300e+02  -5.8988019e-01   2.0120000e+03
  -5.9409260e+01   1.6616253e+02  -9.1299995e-01   2.0120000e+03
  -5.9700000e+01   1.7222600e+02  -6.3787993e-01   2.0120000e+03
  -5.9596000e+01   1.7088000e+02  -1.8526092e-01   2.0120000e+03
  -5.9104000e+01   1.7160300e+02  -1.5554400e+00   2.0120000e+03
  -5.9547000e+01   1.7114100e+02  -1.6712401e+00   2.0120000e+03
  -5.9507000e+01   1.6999700e+02  -3.5484007e-01   2.0120000e+03
  -5.6875000e+01   1.6191100e+02  -6.0515203e-02   2.0120000e+03
  -5.6956000e+01   1.6245400e+02  -4.0276773e-01   2.0120000e+03
  -5.5021000e+01   1.7761400e+02  -5.5975772e-01   2.0120000e+03
  -5.6538000e+01   1.7830400e+02  -1.0296058e-01   2.0120000e+03
  -5.8774000e+01   1.6233300e+02  -1.0587130e-01   2.0120000e+03
  -5.9033000e+01   1.6110600e+02   2.9551065e-02   2.0120000e+03
  -5.9544000e+01   1.6085200e+02  -4.5579870e-02   2.0120000e+03
  -5.0594000e+01   1.7858100e+02  -3.4399991e-01   2.0120000e+03
  -5.1361000e+01   1.7861700e+02  -1.8352740e-02   2.0120000e+03
  -5.6299000e+01   1.7428700e+02   8.8401008e-01   2.0120000e+03
  -5.6378000e+01   1.7266300e+02   2.4446002e-01   2.0120000e+03
  -5.5779000e+01   1.7412400e+02   7.4559998e-01   2.0120000e+03
  -5.3030000e+01   1.7665200e+02   4.9999046e-03   2.0120000e+03
  -5.8434000e+01   1.7243200e+02  -4.6575004e-01   2.0120000e+03
  -5.8238000e+01   1.7190300e+02  -1.4184615e-01   2.0120000e+03
  -5.7715000e+01   1.7081200e+02  -1.4649981e-01   2.0120000e+03
  -5.9504000e+01   1.7021400e+02   3.4399381e-03   2.0120000e+03
  -5.9806000e+01   1.7302100e+02  -9.4924502e-01   2.0120000e+03
  -5.9927000e+01   1.7494400e+02  -6.4319508e-01   2.0120000e+03
  -5.0894000e+01   1.6357900e+02  -1.2933020e-01   2.0120000e+03
  -5.1821000e+01   1.6329800e+02   3.5224141e-02   2.0120000e+03
  -5.2857000e+01   1.6357000e+02   3.3235291e-01   2.0120000e+03
  -5.0909000e+01   1.6296200e+02   4.4070022e-01   2.0120000e+03
  -5.2524000e+01   1.6293100e+02   4.3340401e-01   2.0120000e+03
  -6.1713000e+01   1.6706600e+02   1.2344995e-01   2.0120000e+03
  -6.2230000e+01   1.6798900e+02   1.1267992e-01   2.0120000e+03
  -5.6554000e+01   1.6227300e+02  -1.0294993e-01   2.0120000e+03
  -5.7602000e+01   1.6318400e+02  -1.0500551e+00   2.0120000e+03
  -5.6089000e+01   1.7173600e+02  -6.7649501e-01   2.0120000e+03
  -5.4650000e+01   1.7088600e+02   3.2469309e-01   2.0120000e+03
  -5.3518000e+01   1.7324000e+02   1.0010294e+00   2.0120000e+03
  -5.2496000e+01   1.6619800e+02  -3.2975238e-01   2.0120000e+03
  -5.2519000e+01   1.6640300e+02  -1.6996992e-01   2.0120000e+03
  -5.2650000e+01   1.6670200e+02  -2.3964169e-01   2.0120000e+03
  -6.0016000e+01   1.6561100e+02   2.9999638e-03   2.0120000e+03
  -5.9569000e+01   1.6487900e+02  -5.3125096e-02   2.0120000e+03
  -6.4051000e+01   1.7033400e+02   3.6200004e-01   2.0120000e+03
  -6.4238000e+01   1.7165400e+02   3.4775002e-01   2.0120000e+03
  -5.8077000e+01   1.6290800e+02  -4.9200003e-01   2.0120000e+03
  -5.9210000e+01   1.6233800e+02   1.7309009e-01   2.0120000e+03
  -6.0480000e+01   1.6264000e+02   5.6642028e-02   2.0120000e+03
  -6.0568000e+01   1.6105600e+02   9.3666561e-02   2.0120000e+03
  -6.0780000e+01   1.6054600e+02   1.2376469e-01   2.0120000e+03
  -5.9116000e+01   1.6564400e+02  -2.9988248e-01   2.0130000e+03
  -5.9836000e+01   1.6677300e+02   1.0483335e+00   2.0130000e+03
  -5.8536000e+01   1.7736700e+02  -7.6359603e-01   2.0130000e+03
  -5.8006000e+01   1.7769600e+02  -1.0543333e+00   2.0130000e+03
  -5.8191000e+01   1.7842600e+02  -6.2700008e-01   2.0130000e+03
  -5.4909000e+01   1.6079100e+02  -9.5304998e-01   2.0130000e+03
  -5.6147000e+01   1.6457800e+02   1.6816999e+00   2.0130000e+03
  -5.7779000e+01   1.6702400e+02   1.1919998e+00   2.0130000e+03
  -5.0748000e+01   1.7510500e+02   6.0094050e-01   2.0130000e+03
  -5.0460000e+01   1.7518200e+02   2.2776922e-01   2.0130000e+03
  -5.4507000e+01   1.6536900e+02   2.0596041e-01   2.0130000e+03
  -5.4533000e+01   1.6551400e+02  -8.1190890e-01   2.0130000e+03
  -5.5123000e+01   1.6613700e+02   2.5674502e-01   2.0130000e+03
  -5.0293000e+01   1.6031400e+02   2.3460027e-01   2.0130000e+03
  -5.7401000e+01   1.7877500e+02   6.1940017e-01   2.0130000e+03
  -5.7272000e+01   1.7946100e+02   1.2678002e+00   2.0130000e+03
  -5.7986000e+01   1.6989200e+02   1.2192000e+00   2.0130000e+03
  -5.8378000e+01   1.7343400e+02   1.3542002e+00   2.0130000e+03
  -5.8106000e+01   1.7662100e+02   1.6512000e+00   2.0130000e+03
  -5.9043000e+01   1.7705000e+02  -3.2640008e-01   2.0130000e+03
  -5.9136000e+01   1.7742300e+02  -4.7960005e-01   2.0130000e+03
  -5.4041000e+01   1.7117300e+02   8.2135995e-01   2.0130000e+03
  -5.3579000e+01   1.7327700e+02   9.3903996e-01   2.0130000e+03
  -5.8555000e+01   1.6477100e+02   3.7223997e-01   2.0130000e+03
  -5.9452000e+01   1.6980200e+02   1.1610415e+00   2.0130000e+03
  -5.8597000e+01   1.7090500e+02   9.0320053e-02   2.0130000e+03
  -5.9212000e+01   1.6966900e+02   4.1633977e-01   2.0130000e+03
  -5.7268000e+01   1.6674300e+02   1.4149387e+00   2.0130000e+03
  -5.7595000e+01   1.6972000e+02   2.0370000e+00   2.0130000e+03
  -5.7165000e+01   1.6872000e+02   1.5568298e+00   2.0130000e+03
  -5.9208000e+01   1.6144800e+02   1.4805005e-01   2.0130000e+03
  -5.1286000e+01   1.6197900e+02  -1.9767352e+00   2.0130000e+03
  -5.1085000e+01   1.6189400e+02   1.7539987e-01   2.0130000e+03
  -5.1046000e+01   1.6292600e+02   2.3269999e-01   2.0130000e+03
  -5.4088000e+01   1.7973900e+02   7.5731243e-01   2.0130000e+03
  -5.4181000e+01   1.7915900e+02   8.6087118e-01   2.0130000e+03
  -5.4827000e+01   1.7854600e+02   1.0399998e+00   2.0130000e+03
  -5.1687000e+01   1.6229600e+02   4.3733216e-02   2.0130000e+03
  -5.2134000e+01   1.6270700e+02  -6.5834662e-01   2.0130000e+03
  -5.2813000e+01   1.6242400e+02   4.0617492e-01   2.0130000e+03
  -6.0938000e+01   1.7785600e+02  -1.1100587e+00   2.0130000e+03
  -6.1717000e+01   1.7945200e+02  -1.9174012e-01   2.0130000e+03
  -5.7176000e+01   1.6843500e+02  -4.2802844e-01   2.0130000e+03
  -5.6342000e+01   1.6623800e+02  -1.2137767e+00   2.0130000e+03
  -5.5316000e+01   1.6999600e+02  -1.0293469e+00   2.0130000e+03
  -5.5898000e+01   1.6884900e+02  -3.8272999e+00   2.0130000e+03
  -5.5608000e+01   1.7211000e+02  -1.2923249e+00   2.0130000e+03
  -5.4733000e+01   1.7367000e+02  -6.5072023e-01   2.0130000e+03
  -5.6690000e+01   1.7987000e+02  -9.5045999e-01   2.0130000e+03
  -6.2752000e+01   1.7712200e+02   2.1194021e-01   2.0130000e+03
  -6.2102000e+01   1.7678800e+02   3.8370010e-01   2.0130000e+03
  -6.1783000e+01   1.7708400e+02   3.6278003e-01   2.0130000e+03
  -6.1216000e+01   1.7127100e+02  -9.0981499e-01   2.0130000e+03
  -6.1142000e+01   1.7155500e+02  -7.9566998e-01   2.0130000e+03
  -6.1166000e+01   1.6812600e+02   2.8000042e-02   2.0130000e+03
  -6.1610000e+01   1.6807400e+02   7.3799959e-02   2.0130000e+03
  -6.3789000e+01   1.6968700e+02  -4.1645015e-02   2.0130000e+03
  -6.4084000e+01   1.7148800e+02  -1.7965999e-01   2.0130000e+03
  -6.4123000e+01   1.7151800e+02  -1.4985504e-01   2.0130000e+03
  -5.7139000e+01   1.6012800e+02  -3.7480004e-01   2.0130000e+03
  -5.7540000e+01   1.6122700e+02   8.2679989e-02   2.0130000e+03
  -6.1403000e+01   1.6802400e+02   3.5399627e-03   2.0130000e+03
  -6.1645000e+01   1.6785900e+02   8.7950003e-02   2.0130000e+03
  -6.2125000e+01   1.6823700e+02   1.8075010e-01   2.0130000e+03
  -5.1436000e+01   1.6063900e+02   5.8271200e-01   2.0130000e+03
  -5.9414000e+01   1.6679700e+02   1.4930422e-01   2.0130000e+03
  -5.9798000e+01   1.6846500e+02   2.4645041e-02   2.0130000e+03
  -6.0304000e+01   1.7104700e+02   7.8860781e-01   2.0130000e+03
  -6.0598093e+01   1.7981476e+02   2.5388884e-01   2.0130000e+03
  -5.7195000e+01   1.7793000e+02   7.4705252e-01   2.0140000e+03
  -5.6439000e+01   1.7826200e+02  -3.7427306e-03   2.0140000e+03
  -5.5935000e+01   1.7775300e+02   1.4069162e-01   2.0140000e+03
  -5.3400000e+01   1.7634900e+02  -2.1675490e+00   2.0140000e+03
  -5.3480000e+01   1.7595500e+02  -1.9778947e+00   2.0140000e+03
  -5.1814000e+01   1.7645400e+02  -5.8989901e-02   2.0140000e+03
  -5.4357000e+01   1.6428900e+02   1.1603738e+00   2.0140000e+03
  -5.3736000e+01   1.6414700e+02   6.1733334e-01   2.0140000e+03
  -5.6781000e+01   1.7770200e+02   4.6010833e-01   2.0140000e+03
  -5.2729410e+01   1.7545504e+02   1.3699998e+00   2.0140000e+03
  -5.2092110e+01   1.7592417e+02   8.1001591e-03   2.0140000e+03
  -5.2654280e+01   1.7693231e+02   2.8929972e-01   2.0140000e+03
  -5.6332310e+01   1.6383183e+02  -5.7264021e-01   2.0140000e+03
  -5.6418160e+01   1.6292265e+02  -4.8202005e-01   2.0140000e+03
  -5.7023690e+01   1.6433592e+02  -8.3600008e-01   2.0140000e+03
  -5.6023590e+01   1.6067333e+02  -3.0019931e-02   2.0140000e+03
  -5.6468770e+01   1.6225728e+02   5.6813461e-01   2.0140000e+03
  -5.7332330e+01   1.6336289e+02   3.8807850e-01   2.0140000e+03
  -5.5748000e+01   1.6606400e+02   1.2456001e+00   2.0140000e+03
  -5.5315000e+01   1.6830000e+02   8.9359972e-01   2.0140000e+03
  -5.4268000e+01   1.7077200e+02   9.8840031e-01   2.0140000e+03
  -5.5805000e+01   1.6312200e+02  -2.2640800e+00   2.0140000e+03
  -5.6914000e+01   1.6418000e+02  -7.3844028e-01   2.0140000e+03
  -5.8542000e+01   1.6449100e+02   2.6877498e-01   2.0140000e+03
  -5.7760000e+01   1.6726900e+02  -2.0140488e-01   2.0140000e+03
  -5.7979000e+01   1.6490600e+02  -3.9295997e-01   2.0140000e+03
  -5.7587000e+01   1.6890500e+02  -6.2793999e-01   2.0140000e+03
  -5.6710000e+01   1.6863900e+02   7.0478513e-01   2.0140000e+03
  -5.5259170e+01   1.7491081e+02  -3.6299976e-01   2.0140000e+03
  -5.6156950e+01   1.7472593e+02   1.3999995e-01   2.0140000e+03
  -5.6603300e+01   1.7389855e+02   5.6999847e-02   2.0140000e+03
  -5.7530160e+01   1.6876590e+02  -1.4201936e-01   2.0140000e+03
  -5.9252540e+01   1.6735324e+02  -7.9099992e-01   2.0140000e+03
  -5.8809790e+01   1.6658627e+02   4.2729441e-01   2.0140000e+03
  -6.0766230e+01   1.6661356e+02   3.2039507e-02   2.0140000e+03
  -6.0791070e+01   1.6757889e+02   5.3999977e-02   2.0140000e+03
  -5.7675850e+01   1.6811720e+02  -1.6801399e+00   2.0140000e+03
  -5.6151930e+01   1.6939592e+02  -8.0100013e-01   2.0140000e+03
  -5.5598380e+01   1.7049550e+02  -2.4196076e-01   2.0140000e+03
  -5.0054950e+01   1.6582642e+02  -2.0400042e-01   2.0140000e+03
  -5.2100760e+01   1.6449178e+02   1.5299953e-01   2.0140000e+03
  -5.2219540e+01   1.6468288e+02   1.1400042e-01   2.0140000e+03
  -6.4078000e+01   1.7582100e+02   2.1228706e-01   2.0140000e+03
  -5.8843000e+01   1.6823100e+02  -2.2350218e-02   2.0140000e+03
  -5.8733000e+01   1.6627700e+02  -7.6061502e-01   2.0140000e+03
  -5.7999000e+01   1.6720700e+02  -1.9022051e+00   2.0140000e+03
  -5.4421000e+01   1.7769000e+02   4.3400023e-01   2.0140000e+03
  -5.4516000e+01   1.7598500e+02  -2.9709088e-01   2.0140000e+03
  -5.5585000e+01   1.7523000e+02   5.2365345e-01   2.0140000e+03
  -6.1198000e+01   1.6603700e+02   2.6222502e-01   2.0140000e+03
  -6.1206000e+01   1.6692500e+02   7.4209843e-02   2.0140000e+03
  -6.1550000e+01   1.6721000e+02   2.3097146e-01   2.0140000e+03
  -5.7110000e+01   1.7841600e+02   6.3879962e-01   2.0140000e+03
  -5.6718000e+01   1.7861900e+02   8.7918984e-01   2.0140000e+03
  -5.6635000e+01   1.7918900e+02   9.7034882e-02   2.0140000e+03
  -5.7255000e+01   1.6447300e+02   3.0291798e+00   2.0140000e+03
  -5.7614000e+01   1.6892200e+02   2.4223001e+00   2.0140000e+03
  -6.2399000e+01   1.6825600e+02   1.8859997e-01   2.0140000e+03
  -6.2661000e+01   1.6878000e+02   1.2899999e-01   2.0140000e+03
  -5.5515000e+01   1.7142400e+02  -2.3930099e+00   2.0140000e+03
  -5.5044000e+01   1.7311500e+02  -1.7709300e+00   2.0140000e+03
  -5.5323000e+01   1.7392600e+02  -1.6547800e+00   2.0140000e+03
  -6.0731000e+01   1.6642800e+02   7.6949984e-02   2.0140000e+03
  -6.0844000e+01   1.6726100e+02   3.0385061e-02   2.0140000e+03
  -6.0948000e+01   1.6815700e+02  -4.1995057e-02   2.0140000e+03
  -6.3700000e+01   1.6256800e+02  -2.9193001e-01   2.0140000e+03
  -6.3760000e+01   1.6291700e+02  -3.5057006e-01   2.0140000e+03
  -6.3732000e+01   1.6329400e+02  -2.5536995e-01   2.0140000e+03
  -5.7914000e+01   1.6876000e+02  -1.2910398e+00   2.0140000e+03
  -5.8858000e+01   1.6773000e+02   6.0371978e-01   2.0140000e+03
  -5.8039000e+01   1.6942400e+02  -3.7131982e-01   2.0140000e+03
  -5.8036000e+01   1.6103800e+02   2.5627994e-01   2.0140000e+03
  -6.3269000e+01   1.6962300e+02   2.7854001e-01   2.0140000e+03
  -6.2871000e+01   1.7050400e+02   1.7800006e-01   2.0140000e+03
  -6.3113000e+01   1.7152600e+02   2.1578991e-01   2.0140000e+03
  -5.7102300e+01   1.6837312e+02   2.2559995e+00   2.0150000e+03
  -5.7313110e+01   1.6822651e+02   2.3911203e+00   2.0150000e+03
  -5.7526250e+01   1.6817376e+02   2.4589996e+00   2.0150000e+03
  -5.7743880e+01   1.6815511e+02   2.6778201e+00   2.0150000e+03
  -5.7148080e+01   1.7212655e+02   2.2619996e+00   2.0150000e+03
  -5.8554720e+01   1.6831300e+02  -7.9400007e-01   2.0150000e+03
  -5.8718940e+01   1.6911644e+02  -1.0199999e+00   2.0150000e+03
  -5.8965020e+01   1.6986764e+02  -1.1119999e+00   2.0150000e+03
  -5.9236600e+01   1.7027360e+02  -2.1879799e+00   2.0150000e+03
  -6.0325590e+01   1.7015049e+02   1.9299991e-01   2.0150000e+03
  -6.0501800e+01   1.6952146e+02   7.3196046e-01   2.0150000e+03
  -6.0050370e+01   1.6735427e+02   2.6215660e-01   2.0150000e+03
  -6.0116840e+01   1.6758545e+02   1.8000012e-01   2.0150000e+03
  -6.0158040e+01   1.6787628e+02  -4.3001377e-03   2.0150000e+03
  -6.0190550e+01   1.6814062e+02  -3.5500001e-01   2.0150000e+03
  -6.0839700e+01   1.6832623e+02  -1.5992000e-01   2.0150000e+03
  -6.1103420e+01   1.6922081e+02  -1.2699990e-01   2.0150000e+03
  -6.3331000e+01   1.7845400e+02  -5.5340017e-02   2.0150000e+03
  -6.3033000e+01   1.7883700e+02  -1.2665000e-01   2.0150000e+03
  -6.2759000e+01   1.7910200e+02   1.1340085e-02   2.0150000e+03
  -6.2754000e+01   1.7977600e+02   4.8380016e-02   2.0150000e+03
  -5.0022650e+01   1.7820576e+02   1.1518432e+00   2.0150000e+03
  -6.1087690e+01   1.7820803e+02   4.6045111e-01   2.0150000e+03
  -6.0919350e+01   1.7893997e+02   5.8000007e-01   2.0150000e+03
  -6.0777270e+01   1.7947812e+02   7.9900002e-01   2.0150000e+03
  -5.8819000e+01   1.6194198e+02   2.2000101e-02   2.0150000e+03
  -5.9453320e+01   1.6229093e+02  -9.3000034e-02   2.0150000e+03
  -5.9819790e+01   1.6291169e+02   8.1411610e-02   2.0150000e+03
  -5.0905710e+01   1.7626048e+02   3.2026002e-01   2.0150000e+03
  -5.0731180e+01   1.7528157e+02   5.4659891e-02   2.0150000e+03
  -5.0312770e+01   1.7509956e+02   1.6736007e-01   2.0150000e+03
  -6.1684880e+01   1.6628081e+02   9.7999950e-02   2.0150000e+03
  -6.1860110e+01   1.6658122e+02   3.9399997e-01   2.0150000e+03
  -6.2163670e+01   1.6741759e+02   2.4483996e-01   2.0150000e+03
  -6.2258150e+01   1.6406605e+02   1.7100002e-01   2.0150000e+03
  -6.2332260e+01   1.6458273e+02   1.8200000e-01   2.0150000e+03
  -6.2271450e+01   1.6523540e+02   1.6997957e-01   2.0150000e+03
  -6.3009880e+01   1.6582921e+02  -3.2699999e-01   2.0150000e+03
  -6.3018270e+01   1.6583363e+02  -3.2998038e-01   2.0150000e+03
  -6.3017700e+01   1.6584024e+02  -3.2302002e-01   2.0150000e+03
  -6.3016570e+01   1.6584147e+02  -3.2296001e-01   2.0150000e+03
  -6.3186470e+01   1.6645317e+02  -3.0300000e-01   2.0150000e+03
  -6.3992770e+01   1.6526546e+02  -8.0000059e-02   2.0150000e+03
  -6.3993780e+01   1.6524168e+02  -7.9000012e-02   2.0150000e+03
  -6.3993030e+01   1.6519356e+02  -1.0598035e-01   2.0150000e+03
  -6.3986070e+01   1.6513165e+02  -9.2000045e-02   2.0150000e+03
  -6.3914400e+01   1.6485786e+02  -1.1101963e-01   2.0150000e+03
  -6.3857850e+01   1.6488339e+02  -8.1000050e-02   2.0150000e+03
  -6.4996540e+01   1.6475730e+02   9.0941141e-02   2.0150000e+03
  -6.4974750e+01   1.6473545e+02   1.0800006e-01   2.0150000e+03
  -6.4947620e+01   1.6468081e+02   9.2000024e-02   2.0150000e+03
  -5.0391000e+01   1.7604100e+02   6.1166997e-01   2.0150000e+03
  -5.0207000e+01   1.7618100e+02   1.0874998e+00   2.0150000e+03
  -6.1032000e+01   1.7638500e+02   4.4409103e-01   2.0150000e+03
  -6.1128000e+01   1.7909300e+02   4.5225781e-01   2.0150000e+03
  -5.0734000e+01   1.6355100e+02   4.1936535e-01   2.0150000e+03
  -5.0706000e+01   1.6407800e+02   2.2099276e-03   2.0150000e+03
  -5.0663000e+01   1.6415600e+02   1.4671036e-01   2.0150000e+03
  -5.1093000e+01   1.7987500e+02   2.0247066e-01   2.0150000e+03
  -5.1263000e+01   1.7987400e+02   4.4315383e-01   2.0150000e+03
  -5.1747000e+01   1.7968600e+02   1.0908852e-01   2.0150000e+03
  -6.1886000e+01   1.7766000e+02   8.9999294e-03   2.0150000e+03
  -6.1589000e+01   1.7781300e+02  -5.2142000e-03   2.0150000e+03
  -6.1545000e+01   1.7932100e+02   2.5220003e-02   2.0150000e+03
  -5.5948000e+01   1.7433400e+02  -3.6501006e-01   2.0150000e+03
  -5.7216000e+01   1.7476500e+02  -5.9578024e-01   2.0150000e+03
  -5.7697000e+01   1.6222700e+02   4.7928412e-01   2.0150000e+03
  -5.7716000e+01   1.6336500e+02   4.1061960e-02   2.0150000e+03
  -5.8597000e+01   1.7159000e+02   2.3357501e+00   2.0150000e+03
  -5.6993000e+01   1.6869400e+02   1.3658400e+00   2.0150000e+03
  -5.8358000e+01   1.6734900e+02   1.8971004e+00   2.0150000e+03
  -5.4460000e+01   1.7323000e+02  -6.1544463e-01   2.0150000e+03
  -5.5586000e+01   1.7502800e+02   1.9665354e-01   2.0150000e+03
  -5.4483000e+01   1.7503200e+02   3.5841652e-01   2.0150000e+03
  -5.4712007e+01   1.7008926e+02   2.2419984e-01   2.0150000e+03
  -5.2505643e+01   1.7457678e+02   1.4710287e+00   2.0150000e+03
  -5.0368148e+01   1.7740618e+02  -8.4475405e-02   2.0150000e+03
  -5.3404877e+01   1.6450062e+02   3.1989943e-02   2.0150000e+03
  -5.3432105e+01   1.6557190e+02   2.4272757e-01   2.0150000e+03
  -5.3538412e+01   1.6630160e+02  -4.4116517e-01   2.0150000e+03
  -6.1514915e+01   1.6100931e+02  -3.1535374e-02   2.0150000e+03
  -6.1601118e+01   1.6238704e+02   6.3917186e-03   2.0150000e+03
  -6.1862890e+01   1.6321319e+02   6.1010140e-02   2.0150000e+03
  -5.3151172e+01   1.6304950e+02   6.2155880e-01   2.0150000e+03
  -5.3499732e+01   1.6331146e+02   6.9501976e-01   2.0150000e+03
  -5.5020833e+01   1.6404955e+02   1.8595697e+00   2.0150000e+03
  -5.9792000e+01   1.6298000e+02   7.9760022e-02   2.0150000e+03
  -5.9336000e+01   1.6299900e+02   4.4362137e-01   2.0150000e+03
  -5.9487000e+01   1.6470800e+02  -3.0235841e-01   2.0150000e+03
  -6.0214000e+01   1.6855100e+02  -4.3039410e-01   2.0150000e+03
  -6.0480000e+01   1.6817100e+02   9.2680816e-02   2.0150000e+03
  -6.1355000e+01   1.6906900e+02   6.6595913e-02   2.0150000e+03
  -5.2964000e+01   1.6306200e+02   5.1600034e-01   2.0150000e+03
  -5.3348000e+01   1.6315500e+02   7.3145268e-01   2.0150000e+03
  -5.3842000e+01   1.6392000e+02   7.0599993e-01   2.0150000e+03
  -6.3119000e+01   1.7290800e+02  -6.2100004e-01   2.0150000e+03
  -6.3325000e+01   1.7373000e+02  -6.3337001e-01   2.0150000e+03
  -6.3635000e+01   1.7393500e+02  -5.2976315e-01   2.0150000e+03
  -5.4127000e+01   1.6056600e+02  -1.1109107e-01   2.0150000e+03
  -5.6710000e+01   1.7516700e+02  -4.9756980e-01   2.0150000e+03
  -5.7187000e+01   1.7400200e+02  -9.1975011e-01   2.0150000e+03
  -5.6970000e+01   1.7318200e+02  -4.0331990e-01   2.0150000e+03
  -6.1817000e+01   1.6807900e+02   1.3500007e-01   2.0150000e+03
  -6.2130000e+01   1.6984100e+02   1.5128000e-01   2.0150000e+03
  -6.2475000e+01   1.7239300e+02   1.7430004e-01   2.0150000e+03
  -5.9737000e+01   1.6096000e+02  -3.2550150e-03   2.0150000e+03
  -6.0194000e+01   1.6160900e+02  -1.5782002e-01   2.0150000e+03
  -5.3892000e+01   1.6178500e+02   7.8599999e-01   2.0150000e+03
  -5.6258000e+01   1.6411700e+02   1.3023543e+00   2.0150000e+03
  -5.5601000e+01   1.6935600e+02  -1.0779998e+00   2.0150000e+03
  -5.5290000e+01   1.6530600e+02   1.0073996e+00   2.0160000e+03
  -5.5295000e+01   1.6590500e+02   7.5899970e-01   2.0160000e+03
  -5.7134000e+01   1.6562200e+02   7.5480982e-01   2.0160000e+03
  -5.5527000e+01   1.6769700e+02  -1.5484077e+00   2.0160000e+03
  -5.4568000e+01   1.7273400e+02  -9.8622214e-01   2.0160000e+03
  -5.0809000e+01   1.6381400e+02  -2.6358132e-02   2.0160000e+03
  -5.1067000e+01   1.6355500e+02   1.4644565e-01   2.0160000e+03
  -5.0003930e+01   1.6899500e+02  -3.5100004e-01   2.0160000e+03
  -5.0600120e+01   1.6899972e+02  -1.2999994e-01   2.0160000e+03
  -5.0601870e+01   1.6901216e+02  -1.8319596e-01   2.0160000e+03
  -5.0599360e+01   1.6902518e+02  -5.5999985e-02   2.0160000e+03
  -5.0561310e+01   1.6887718e+02  -2.1499997e-01   2.0160000e+03
  -5.0501010e+01   1.6878728e+02  -3.0000018e-01   2.0160000e+03
  -5.3666000e+01   1.7235100e+02   3.9780015e-01   2.0160000e+03
  -5.3120000e+01   1.7377200e+02   1.0848001e+00   2.0160000e+03
  -5.2961000e+01   1.7376200e+02   6.4379997e-01   2.0160000e+03
  -6.4781000e+01   1.6041300e+02  -4.5399998e-01   2.0160000e+03
  -6.4803000e+01   1.6062900e+02  -2.8730498e-01   2.0160000e+03
  -6.4729000e+01   1.6089500e+02  -5.1887500e-01   2.0160000e+03
  -6.4627000e+01   1.6083100e+02  -1.7009505e-01   2.0160000e+03
  -6.2246000e+01   1.6757200e+02   7.1000031e-02   2.0160000e+03
  -6.2489000e+01   1.6792300e+02   3.2800008e-01   2.0160000e+03
  -6.2620000e+01   1.6852400e+02   2.5723000e-01   2.0160000e+03
  -6.2531000e+01   1.6892800e+02   2.1160001e-01   2.0160000e+03
  -6.3008000e+01   1.7825600e+02  -1.9609973e-01   2.0160000e+03
  -6.2774000e+01   1.7907800e+02  -6.0728014e-01   2.0160000e+03
  -5.0187000e+01   1.6035300e+02   4.1851010e-01   2.0160000e+03
  -5.0045000e+01   1.6083500e+02   2.7099953e-01   2.0160000e+03
  -5.0028000e+01   1.6096700e+02   9.4403749e-03   2.0160000e+03
  -6.4204200e+01   1.7743768e+02  -1.5311767e-01   2.0160000e+03
  -6.4186400e+01   1.7767421e+02  -7.5141983e-01   2.0160000e+03
  -6.4065000e+01   1.7920400e+02  -1.4311766e-01   2.0160000e+03
  -6.0374430e+01   1.7930415e+02   6.7000072e-02   2.0160000e+03
  -6.0327670e+01   1.7964104e+02   1.6024011e-01   2.0160000e+03
  -6.0248900e+01   1.7988840e+02  -2.5999931e-02   2.0160000e+03
  -5.0067000e+01   1.6602900e+02  -2.0073959e-01   2.0160000e+03
  -5.9261520e+01   1.7073388e+02   1.6599985e-01   2.0160000e+03
  -5.9399900e+01   1.7099939e+02   3.1700006e-01   2.0160000e+03
  -5.9776710e+01   1.7289677e+02   3.1900007e-01   2.0160000e+03
  -5.8813400e+01   1.7356947e+02  -5.8334615e-01   2.0160000e+03
  -6.4206320e+01   1.6572026e+02  -2.7980360e-02   2.0160000e+03
  -6.4172060e+01   1.6605359e+02  -3.7000038e-02   2.0160000e+03
  -5.5698000e+01   1.7547100e+02  -8.0639994e-01   2.0160000e+03
  -5.6893000e+01   1.7603100e+02  -5.1152021e-01   2.0160000e+03
  -5.7195000e+01   1.7643400e+02  -7.5537498e-01   2.0160000e+03
  -5.2718711e+01   1.7235849e+02  -1.1341590e-01   2.0160000e+03
  -5.2713310e+01   1.7230911e+02  -2.5799984e-01   2.0160000e+03
  -5.2701168e+01   1.7228670e+02  -1.5418835e-01   2.0160000e+03
  -5.2563563e+01   1.7227192e+02  -1.8970014e-01   2.0160000e+03
  -5.2501796e+01   1.7235165e+02  -1.4207016e-01   2.0160000e+03
  -5.2532084e+01   1.7234285e+02  -1.1100002e-01   2.0160000e+03
  -5.2536796e+01   1.7231529e+02  -7.6949768e-02   2.0160000e+03
  -5.2529649e+01   1.7235945e+02  -6.6999874e-02   2.0160000e+03
  -5.2588459e+01   1.7239297e+02  -5.2769923e-02   2.0160000e+03
  -5.2577587e+01   1.7236806e+02  -7.3999844e-02   2.0160000e+03
  -5.2485273e+01   1.7233145e+02  -1.7676234e-01   2.0160000e+03
  -5.2373245e+01   1.7230659e+02  -1.5199989e-01   2.0160000e+03
  -5.1524433e+01   1.7403907e+02  -1.5088393e-02   2.0160000e+03
  -5.1467313e+01   1.7405423e+02  -2.5000042e-02   2.0160000e+03
  -5.1379854e+01   1.7400784e+02  -5.3029328e-02   2.0160000e+03
  -5.1346374e+01   1.7392103e+02  -3.7886553e-03   2.0160000e+03
  -5.1217598e+01   1.7376526e+02  -1.5227630e-01   2.0160000e+03
  -5.1116088e+01   1.7351891e+02  -2.6000014e-01   2.0160000e+03
  -5.0961150e+01   1.7346297e+02  -3.3223289e-01   2.0160000e+03
  -5.0877673e+01   1.7348550e+02  -2.8655319e-01   2.0160000e+03
  -5.0805056e+01   1.7350248e+02  -1.7945735e-01   2.0160000e+03
  -5.0707466e+01   1.7354986e+02  -1.8499979e-01   2.0160000e+03
  -5.0634390e+01   1.7363423e+02  -1.4609897e-01   2.0160000e+03
  -5.5622941e+01   1.7392017e+02  -2.5099999e+00   2.0160000e+03
  -5.6810786e+01   1.7416201e+02  -3.2891881e+00   2.0160000e+03
  -5.7155128e+01   1.7270311e+02  -3.0070396e+00   2.0160000e+03
  -5.8075331e+01   1.7189417e+02  -1.0890000e+00   2.0160000e+03
  -5.7880963e+01   1.7204980e+02  -5.8300002e-01   2.0160000e+03
  -5.7603435e+01   1.7168007e+02  -1.0710001e+00   2.0160000e+03
  -5.9807249e+01   1.7493887e+02  -2.5085021e-01   2.0160000e+03
  -5.9707126e+01   1.7651895e+02  -2.6799998e-01   2.0160000e+03
  -5.9327083e+01   1.7747033e+02  -6.5000011e-01   2.0160000e+03
  -6.0252662e+01   1.7307232e+02  -7.3500005e-01   2.0160000e+03
  -6.0526934e+01   1.7292660e+02  -1.1985000e-01   2.0160000e+03
  -6.0800851e+01   1.7290585e+02  -3.2899989e-01   2.0160000e+03
  -6.2098218e+01   1.7453831e+02   2.0618358e-01   2.0160000e+03
  -6.2255774e+01   1.7531052e+02   1.5144678e-01   2.0160000e+03
  -6.1864899e+01   1.7603461e+02   2.7713577e-01   2.0160000e+03
  -5.3590000e+01   1.7999500e+02   5.2362743e-01   2.0160000e+03
  -5.3135000e+01   1.7932600e+02   7.3863172e-01   2.0160000e+03
  -6.2411000e+01   1.6725900e+02   2.3926492e-01   2.0160000e+03
  -6.2758000e+01   1.6849900e+02   4.5694002e-01   2.0160000e+03
  -6.2516000e+01   1.6930200e+02   7.2959915e-02   2.0160000e+03
  -6.0830000e+01   1.7196000e+02  -3.4599919e-02   2.0160000e+03
  -6.1559000e+01   1.7312500e+02   2.2900003e-01   2.0160000e+03
  -6.0642000e+01   1.7375200e+02   5.9483005e-01   2.0160000e+03
  -6.1708000e+01   1.7765900e+02  -1.3499069e-01   2.0160000e+03
  -6.2004000e+01   1.7763200e+02   1.8653399e-01   2.0160000e+03
  -6.2413000e+01   1.7770300e+02  -1.3219992e-01   2.0160000e+03
  -6.0984000e+01   1.6658900e+02   2.0799993e-01   2.0160000e+03
  -6.1523000e+01   1.6726500e+02  -4.3519976e-02   2.0160000e+03
  -6.1613000e+01   1.6946500e+02  -2.6385498e-01   2.0160000e+03
  -5.4008000e+01   1.6010600e+02  -1.7530000e+00   2.0160000e+03
  -5.4330000e+01   1.6111100e+02  -1.3453501e+00   2.0160000e+03
  -5.5746000e+01   1.7203100e+02  -1.0464001e+00   2.0160000e+03
  -5.5693000e+01   1.7278900e+02  -1.1362898e+00   2.0160000e+03
  -5.9522000e+01   1.7789600e+02  -4.5957555e-01   2.0160000e+03
  -5.9471000e+01   1.7809400e+02  -5.8310066e-01   2.0160000e+03
  -5.9327000e+01   1.7914500e+02  -7.5674997e-01   2.0160000e+03
  -5.5322000e+01   1.6868100e+02  -1.4457499e+00   2.0160000e+03
  -5.4627000e+01   1.7242700e+02  -1.2303051e+00   2.0160000e+03
  -6.3186000e+01   1.7020000e+02   1.3882003e-01   2.0160000e+03
  -6.3204000e+01   1.7002400e+02   1.1446997e-01   2.0160000e+03
  -6.3101000e+01   1.6982200e+02   7.6669958e-02   2.0160000e+03
  -5.1836000e+01   1.6057500e+02   4.9786067e-01   2.0160000e+03
  -5.0946000e+01   1.6100800e+02   4.8960021e-01   2.0160000e+03
  -5.0315000e+01   1.6124100e+02   1.7799972e-01   2.0160000e+03
  -5.8911000e+01   1.6413400e+02   1.9460000e-02   2.0160000e+03
  -5.8995000e+01   1.6435200e+02  -2.2518503e-01   2.0160000e+03
  -5.9157000e+01   1.6422800e+02   1.9479450e-02   2.0160000e+03
  -6.3455000e+01   1.6622300e+02  -2.4014505e-01   2.0160000e+03
  -6.3732000e+01   1.6711000e+02  -9.7180010e-02   2.0160000e+03
  -6.3885000e+01   1.6783200e+02  -1.1680996e-01   2.0160000e+03
  -5.0113000e+01   1.7927700e+02   2.0270003e-02   2.0160000e+03
  -6.1369000e+01   1.6051800e+02   1.0415000e-01   2.0160000e+03
  -6.1151000e+01   1.6211500e+02   5.7940243e-02   2.0160000e+03
  -5.6419000e+01   1.7983600e+02  -3.1400001e-01   2.0160000e+03
  -5.7955000e+01   1.7657300e+02  -1.2984100e+00   2.0160000e+03
  -5.8156000e+01   1.7643600e+02  -1.4034581e+00   2.0160000e+03
  -5.8285000e+01   1.7707000e+02  -3.0635118e-01   2.0160000e+03
  -6.0491000e+01   1.7000700e+02  -4.0638396e-02   2.0160000e+03
  -6.0891000e+01   1.7056600e+02   4.3343804e-01   2.0160000e+03
