lat	lon	Y	year
  -5.6512001e+01   1.7633400e+02   1.2399993e-01   2.0070000e+03
  -5.6216000e+01   1.7640500e+02   4.2000095e-02   2.0070000e+03
  -5.7402000e+01   1.7486800e+02   1.4999910e-02   2.0070000e+03
  -5.1922001e+01   1.6118201e+02  -2.1399997e-01   2.0070000e+03
  -5.1332001e+01   1.6205400e+02  -1.1299993e-01   2.0070000e+03
  -5.1998001e+01   1.6171600e+02  -1.2500002e-01   2.0070000e+03
  -6.2169998e+01   1.6764900e+02   6.9999933e-03   2.0070000e+03
  -6.2606998e+01   1.6927000e+02  -1.4999994e-02   2.0070000e+03
  -6.2873001e+01   1.7001401e+02  -6.0000051e-02   2.0070000e+03
  -5.7492000e+01   1.6532300e+02  -1.7027326e-01   2.0070000e+03
  -5.8524000e+01   1.6963800e+02  -1.5640800e-01   2.0070000e+03
  -5.5705000e+01   1.7046700e+02   6.5342714e-02   2.0070000e+03
  -5.7486000e+01   1.7677000e+02   3.2791685e-02   2.0070000e+03
  -5.6735000e+01   1.7799800e+02   5.1783873e-02   2.0070000e+03
  -6.1251000e+01   1.7980600e+02   1.0367010e-01   2.0070000e+03
  -6.0063000e+01   1.7678300e+02   8.3315917e-02   2.0070000e+03
  -6.0326000e+01   1.7669800e+02   7.0386861e-02   2.0070000e+03
  -6.0243000e+01   1.7723200e+02   8.2444163e-02   2.0070000e+03
  -5.5535000e+01   1.7464200e+02   5.9385428e-02   2.0070000e+03
  -5.5327000e+01   1.7345000e+02  -8.9306497e-02   2.0070000e+03
  -5.4192000e+01   1.7825700e+02  -1.3413959e-03   2.0070000e+03
  -5.2046000e+01   1.7535600e+02   4.1718918e-02   2.0070000e+03
  -5.0452000e+01   1.7536600e+02  -1.9207064e-02   2.0070000e+03
  -5.0433000e+01   1.6436500e+02  -3.3360038e-02   2.0070000e+03
  -5.3727001e+01   1.7727400e+02   5.5000114e-02   2.0080000e+03
  -5.4431999e+01   1.7600500e+02   5.1999949e-02   2.0080000e+03
  -5.4812000e+01   1.7656000e+02   3.4000103e-02   2.0080000e+03
  -5.5842000e+01   1.7450700e+02   3.0550514e-02   2.0080000e+03
  -5.7027000e+01   1.7462300e+02   2.8497024e-02   2.0080000e+03
  -5.7394000e+01   1.7570200e+02   3.3576589e-02   2.0080000e+03
  -5.3713000e+01   1.7518200e+02  -5.5570506e-02   2.0080000e+03
  -5.0574000e+01   1.7764000e+02  -2.4847540e-02   2.0080000e+03
  -5.9069000e+01   1.7696400e+02  -1.3401394e-02   2.0080000e+03
  -5.3519000e+01   1.7594100e+02  -2.0337281e-01   2.0080000e+03
  -5.1513000e+01   1.6431200e+02   5.5701398e-02   2.0080000e+03
  -5.1844000e+01   1.6476400e+02   7.2527895e-02   2.0080000e+03
  -5.2036000e+01   1.6523800e+02  -6.0576055e-02   2.0080000e+03
  -5.8053000e+01   1.7409300e+02  -3.6350771e-02   2.0080000e+03
  -5.8238000e+01   1.7483600e+02   1.8651377e-02   2.0080000e+03
  -5.8094000e+01   1.7339300e+02   7.8299928e-03   2.0080000e+03
  -6.1661000e+01   1.6978500e+02  -4.6531195e-02   2.0080000e+03
  -6.2543000e+01   1.7317800e+02   1.7721597e-01   2.0080000e+03
  -6.1784000e+01   1.7578400e+02   5.6657993e-02   2.0080000e+03
  -5.7367000e+01   1.6987800e+02  -7.0480902e-02   2.0080000e+03
  -5.7809000e+01   1.6815900e+02  -5.7468068e-02   2.0080000e+03
  -5.8369000e+01   1.6947900e+02   6.9708988e-02   2.0080000e+03
  -5.5407000e+01   1.7594600e+02   1.4748070e-02   2.0080000e+03
  -5.5265000e+01   1.7588100e+02  -1.1330076e-02   2.0080000e+03
  -5.5252000e+01   1.7688600e+02   2.7613811e-02   2.0080000e+03
  -5.8060000e+01   1.7799300e+02  -5.9463611e-02   2.0080000e+03
  -5.7551000e+01   1.7830400e+02  -5.6646346e-02   2.0080000e+03
  -5.8058000e+01   1.7907800e+02  -5.3366664e-02   2.0080000e+03
  -5.0535999e+01   1.6463499e+02   7.9601738e-04   2.0090000e+03
  -5.0330000e+01   1.7978500e+02   6.3998995e-03   2.0090000e+03
  -6.3096000e+01   1.7862300e+02   5.8714348e-02   2.0090000e+03
  -6.2986000e+01   1.7842400e+02   4.0532191e-02   2.0090000e+03
  -5.7334000e+01   1.6788300e+02   2.2599883e-02   2.0090000e+03
  -5.8138000e+01   1.6804500e+02   7.3601890e-02   2.0090000e+03
  -5.3563000e+01   1.7956100e+02  -2.7522011e-02   2.0090000e+03
  -5.3782000e+01   1.6546100e+02   5.8468548e-02   2.0090000e+03
  -5.9160000e+01   1.6565200e+02  -3.5599259e-03   2.0090000e+03
  -6.0618000e+01   1.7628000e+02  -3.6413362e-02   2.0090000e+03
  -5.3598000e+01   1.6161301e+02  -2.8964730e-01   2.0100000e+03
  -5.5903000e+01   1.6233000e+02  -4.5934305e-02   2.0100000e+03
  -5.5696000e+01   1.7372000e+02   3.2221450e-03   2.0100000e+03
  -5.4900000e+01   1.7245400e+02  -1.2111124e-02   2.0100000e+03
  -5.3834000e+01   1.7544200e+02   4.0324218e-02   2.0100000e+03
  -5.2216999e+01   1.6243401e+02   9.1478121e-02   2.0100000e+03
  -5.1311000e+01   1.6199400e+02  -7.0519031e-02   2.0100000e+03
  -5.0997000e+01   1.6079000e+02  -2.3061251e-01   2.0100000e+03
  -5.6822000e+01   1.7260000e+02  -3.9449268e-02   2.0100000e+03
  -5.8122000e+01   1.7605700e+02   2.6276717e-02   2.0100000e+03
  -5.7845000e+01   1.7596700e+02   1.7942430e-02   2.0100000e+03
  -5.9184000e+01   1.7732500e+02   1.5481953e-02   2.0100000e+03
  -5.8710000e+01   1.7762200e+02  -5.4757923e-03   2.0100000e+03
  -5.8191000e+01   1.7790000e+02   1.3761793e-02   2.0100000e+03
  -5.5269000e+01   1.7752900e+02  -1.0755283e-01   2.0100000e+03
  -5.5831000e+01   1.7590500e+02  -6.1633025e-02   2.0100000e+03
  -5.6631000e+01   1.7459500e+02  -2.9683126e-02   2.0100000e+03
  -5.9218000e+01   1.6578200e+02   1.2342794e-01   2.0110000e+03
  -5.9287000e+01   1.6471300e+02   1.2112701e-01   2.0110000e+03
  -5.8996000e+01   1.7922100e+02   8.9431925e-02   2.0110000e+03
  -5.7951000e+01   1.7314100e+02  -1.7838769e-01   2.0110000e+03
  -5.8359000e+01   1.7358000e+02  -1.3365864e-01   2.0110000e+03
  -5.9470000e+01   1.7216800e+02   3.1741228e-02   2.0110000e+03
  -5.9431000e+01   1.6533600e+02   1.8887824e-01   2.0110000e+03
  -5.8827000e+01   1.6546600e+02   5.4271486e-02   2.0110000e+03
  -5.8449000e+01   1.6492000e+02   4.8211775e-04   2.0110000e+03
  -5.7265000e+01   1.6751700e+02   9.0678201e-02   2.0110000e+03
  -5.9430000e+01   1.7034700e+02   6.3051013e-02   2.0110000e+03
  -5.9294000e+01   1.7177000e+02   5.6503932e-02   2.0110000e+03
  -5.6415000e+01   1.6235400e+02  -1.5864934e-01   2.0110000e+03
  -5.6569000e+01   1.6260000e+02  -1.3180525e-01   2.0110000e+03
  -5.8155000e+01   1.7037400e+02  -1.2300800e-01   2.0110000e+03
  -5.8589000e+01   1.6771100e+02  -1.0634204e-01   2.0110000e+03
  -5.4651000e+01   1.7061700e+02   5.4849967e-02   2.0110000e+03
  -5.3555000e+01   1.7365500e+02   1.1592992e-01   2.0110000e+03
  -5.0726000e+01   1.7584400e+02   8.4999908e-02   2.0110000e+03
  -5.5014000e+01   1.7145000e+02  -1.0162948e-01   2.0110000e+03
  -5.3338000e+01   1.6176300e+02   2.9923639e-01   2.0110000e+03
  -5.2999000e+01   1.6310500e+02   6.4529055e-02   2.0110000e+03
  -5.3654000e+01   1.7925600e+02   4.6693776e-03   2.0120000e+03
  -5.3882000e+01   1.7994600e+02  -6.6584749e-02   2.0120000e+03
  -5.8533000e+01   1.6640000e+02   5.5570607e-02   2.0120000e+03
  -5.9454000e+01   1.6801000e+02   4.9216059e-02   2.0120000e+03
  -6.0069000e+01   1.6883900e+02   9.5821866e-02   2.0120000e+03
  -5.0103000e+01   1.6073400e+02   9.7258924e-02   2.0120000e+03
  -5.1891730e+01   1.6443549e+02  -8.9999918e-02   2.0120000e+03
  -5.1858960e+01   1.6451784e+02   6.0800075e-03   2.0120000e+03
  -5.1833180e+01   1.6459103e+02  -7.6999977e-02   2.0120000e+03
  -5.1343870e+01   1.6406674e+02  -4.8060059e-02   2.0120000e+03
  -5.2438940e+01   1.6346755e+02  -9.9803386e-03   2.0120000e+03
  -5.2462830e+01   1.6357605e+02   4.5020030e-02   2.0120000e+03
  -5.2474290e+01   1.6364420e+02   1.8000061e-02   2.0120000e+03
  -5.1989820e+01   1.6471227e+02  -1.4399995e-01   2.0120000e+03
  -5.8646000e+01   1.6337400e+02   1.5200003e-01   2.0120000e+03
  -5.8684120e+01   1.6336305e+02   1.3800010e-01   2.0120000e+03
  -5.8749290e+01   1.6330116e+02   1.6500012e-01   2.0120000e+03
  -5.8927020e+01   1.6459379e+02   7.1000008e-02   2.0120000e+03
  -5.8884740e+01   1.6476388e+02   4.6999924e-02   2.0120000e+03
  -5.9362310e+01   1.6557309e+02  -1.1003839e-01   2.0120000e+03
  -5.9377240e+01   1.6590300e+02  -1.6699998e-01   2.0120000e+03
  -5.9409260e+01   1.6616253e+02  -1.2898000e-01   2.0120000e+03
  -5.9700000e+01   1.7222600e+02  -3.7199982e-02   2.0120000e+03
  -5.9596000e+01   1.7088000e+02  -5.4559988e-02   2.0120000e+03
  -5.9104000e+01   1.7160300e+02  -9.8600037e-02   2.0120000e+03
  -5.9547000e+01   1.7114100e+02  -5.5120047e-02   2.0120000e+03
  -5.9507000e+01   1.6999700e+02  -1.9043501e-02   2.0120000e+03
  -5.6875000e+01   1.6191100e+02  -1.1852358e-01   2.0120000e+03
  -5.6956000e+01   1.6245400e+02  -8.1775276e-02   2.0120000e+03
  -5.5021000e+01   1.7761400e+02   1.1458474e-02   2.0120000e+03
  -5.6538000e+01   1.7830400e+02  -5.6870030e-02   2.0120000e+03
  -5.8774000e+01   1.6233300e+02   1.3461116e-02   2.0120000e+03
  -5.9033000e+01   1.6110600e+02  -8.4029906e-02   2.0120000e+03
  -5.9544000e+01   1.6085200e+02  -1.0122755e-01   2.0120000e+03
  -5.0594000e+01   1.7858100e+02  -3.1383974e-02   2.0120000e+03
  -5.1361000e+01   1.7861700e+02   4.8678283e-02   2.0120000e+03
  -5.6299000e+01   1.7428700e+02   1.1150493e-01   2.0120000e+03
  -5.6378000e+01   1.7266300e+02   5.1610044e-02   2.0120000e+03
  -5.5779000e+01   1.7412400e+02  -4.1000044e-02   2.0120000e+03
  -5.3030000e+01   1.7665200e+02  -7.1080192e-03   2.0120000e+03
  -5.8434000e+01   1.7243200e+02  -1.7140575e-02   2.0120000e+03
  -5.8238000e+01   1.7190300e+02  -3.6580969e-02   2.0120000e+03
  -5.7715000e+01   1.7081200e+02  -4.7430533e-02   2.0120000e+03
  -5.9504000e+01   1.7021400e+02   3.3919989e-02   2.0120000e+03
  -5.9806000e+01   1.7302100e+02  -2.0715183e-02   2.0120000e+03
  -5.9927000e+01   1.7494400e+02  -5.5935004e-02   2.0120000e+03
  -5.0894000e+01   1.6357900e+02   1.7477324e-01   2.0120000e+03
  -5.1821000e+01   1.6329800e+02   5.3711377e-02   2.0120000e+03
  -5.2857000e+01   1.6357000e+02   3.6043886e-02   2.0120000e+03
  -5.0909000e+01   1.6296200e+02  -1.0959923e-01   2.0120000e+03
  -5.2524000e+01   1.6293100e+02   8.1813162e-03   2.0120000e+03
  -6.1713000e+01   1.6706600e+02  -1.2481054e-01   2.0120000e+03
  -6.2230000e+01   1.6798900e+02   1.7999165e-03   2.0120000e+03
  -5.6554000e+01   1.6227300e+02   1.1760006e-02   2.0120000e+03
  -5.7602000e+01   1.6318400e+02  -9.8730015e-02   2.0120000e+03
  -5.6089000e+01   1.7173600e+02  -1.2390596e-03   2.0120000e+03
  -5.4650000e+01   1.7088600e+02   8.3015816e-03   2.0120000e+03
  -6.0016000e+01   1.6561100e+02  -6.0993106e-03   2.0120000e+03
  -5.9569000e+01   1.6487900e+02   3.7672401e-02   2.0120000e+03
  -6.4051000e+01   1.7033400e+02   1.0068849e-01   2.0120000e+03
  -6.4238000e+01   1.7165400e+02   6.1643377e-02   2.0120000e+03
  -5.8077000e+01   1.6290800e+02  -2.3391252e-01   2.0120000e+03
  -5.9210000e+01   1.6233800e+02   1.3907781e-01   2.0120000e+03
  -6.0480000e+01   1.6264000e+02  -8.2978272e-02   2.0120000e+03
  -6.0568000e+01   1.6105600e+02   3.1603435e-02   2.0120000e+03
  -6.0780000e+01   1.6054600e+02   9.6140673e-02   2.0120000e+03
  -5.9116000e+01   1.6564400e+02  -1.0791170e-01   2.0130000e+03
  -5.9836000e+01   1.6677300e+02   1.2046518e-01   2.0130000e+03
  -5.8536000e+01   1.7736700e+02  -9.1367096e-02   2.0130000e+03
  -5.8006000e+01   1.7769600e+02  -7.0766549e-02   2.0130000e+03
  -5.8191000e+01   1.7842600e+02  -3.6843173e-02   2.0130000e+03
  -5.4909000e+01   1.6079100e+02  -2.2197960e-01   2.0130000e+03
  -5.6147000e+01   1.6457800e+02   3.3447067e-01   2.0130000e+03
  -5.7779000e+01   1.6702400e+02   1.3563910e-01   2.0130000e+03
  -5.5123000e+01   1.6613700e+02   1.5312605e-01   2.0130000e+03
  -5.0293000e+01   1.6031400e+02   9.9400003e-02   2.0130000e+03
  -5.7401000e+01   1.7877500e+02   4.1200069e-02   2.0130000e+03
  -5.7272000e+01   1.7946100e+02   8.5399980e-02   2.0130000e+03
  -5.7986000e+01   1.6989200e+02   1.0100008e-01   2.0130000e+03
  -5.8378000e+01   1.7343400e+02   3.0199914e-02   2.0130000e+03
  -5.8106000e+01   1.7662100e+02   5.8800018e-02   2.0130000e+03
  -5.9043000e+01   1.7705000e+02  -1.9999046e-03   2.0130000e+03
  -5.9136000e+01   1.7742300e+02  -2.0000030e-02   2.0130000e+03
  -5.8555000e+01   1.6477100e+02  -1.5333249e-02   2.0130000e+03
  -5.9452000e+01   1.6980200e+02   3.5461570e-02   2.0130000e+03
  -5.8597000e+01   1.7090500e+02  -4.3159922e-02   2.0130000e+03
  -5.9212000e+01   1.6966900e+02   5.3178667e-02   2.0130000e+03
  -5.7268000e+01   1.6674300e+02   1.0769344e-01   2.0130000e+03
  -5.7595000e+01   1.6972000e+02   1.4109531e-01   2.0130000e+03
  -5.7165000e+01   1.6872000e+02   1.2158569e-01   2.0130000e+03
  -5.9208000e+01   1.6144800e+02   2.0899996e-01   2.0130000e+03
  -5.1286000e+01   1.6197900e+02  -1.9375973e-01   2.0130000e+03
  -5.1085000e+01   1.6189400e+02  -1.5040007e-01   2.0130000e+03
  -5.1046000e+01   1.6292600e+02  -1.0370002e-01   2.0130000e+03
  -5.4088000e+01   1.7973900e+02   4.4000053e-02   2.0130000e+03
  -5.4181000e+01   1.7915900e+02   8.0085015e-02   2.0130000e+03
  -5.4827000e+01   1.7854600e+02   9.4402477e-02   2.0130000e+03
  -5.1687000e+01   1.6229600e+02  -8.2707031e-02   2.0130000e+03
  -5.2134000e+01   1.6270700e+02  -5.2430795e-02   2.0130000e+03
  -5.2813000e+01   1.6242400e+02   6.1142479e-02   2.0130000e+03
  -6.0938000e+01   1.7785600e+02  -8.4000022e-02   2.0130000e+03
  -6.1717000e+01   1.7945200e+02  -5.6372206e-03   2.0130000e+03
  -5.7176000e+01   1.6843500e+02   2.1693390e-03   2.0130000e+03
  -5.6342000e+01   1.6623800e+02  -6.3925977e-02   2.0130000e+03
  -5.5316000e+01   1.6999600e+02  -6.8514304e-02   2.0130000e+03
  -5.5898000e+01   1.6884900e+02  -4.7253003e-01   2.0130000e+03
  -5.5608000e+01   1.7211000e+02  -1.2743004e-01   2.0130000e+03
  -5.4733000e+01   1.7367000e+02  -1.2187998e-01   2.0130000e+03
  -5.6690000e+01   1.7987000e+02  -2.6999954e-02   2.0130000e+03
  -6.2752000e+01   1.7712200e+02   1.1604004e-01   2.0130000e+03
  -6.2102000e+01   1.7678800e+02   5.8999971e-02   2.0130000e+03
  -6.1783000e+01   1.7708400e+02  -1.5350011e-02   2.0130000e+03
  -6.1216000e+01   1.7127100e+02  -6.5469968e-02   2.0130000e+03
  -6.1142000e+01   1.7155500e+02  -1.0737001e-01   2.0130000e+03
  -6.1166000e+01   1.6812600e+02  -2.1371993e-01   2.0130000e+03
  -6.1610000e+01   1.6807400e+02   1.2562487e-02   2.0130000e+03
  -6.3789000e+01   1.6968700e+02  -8.9000015e-02   2.0130000e+03
  -6.4084000e+01   1.7148800e+02  -7.6000023e-02   2.0130000e+03
  -6.4123000e+01   1.7151800e+02  -1.4800001e-01   2.0130000e+03
  -5.7139000e+01   1.6012800e+02  -2.5468003e-01   2.0130000e+03
  -5.7540000e+01   1.6122700e+02  -3.6836015e-01   2.0130000e+03
  -6.1403000e+01   1.6802400e+02   4.7999953e-02   2.0130000e+03
  -6.1645000e+01   1.6785900e+02  -8.9999905e-03   2.0130000e+03
  -6.2125000e+01   1.6823700e+02   6.3250003e-02   2.0130000e+03
  -5.1436000e+01   1.6063900e+02  -5.2925665e-02   2.0130000e+03
  -5.9414000e+01   1.6679700e+02   5.1185606e-02   2.0130000e+03
  -5.9798000e+01   1.6846500e+02   1.0026417e-01   2.0130000e+03
  -6.0304000e+01   1.7104700e+02   1.4305003e-01   2.0130000e+03
  -6.0598093e+01   1.7981476e+02   9.7731715e-04   2.0130000e+03
  -5.7195000e+01   1.7793000e+02   3.1188218e-02   2.0140000e+03
  -5.6439000e+01   1.7826200e+02  -1.2512060e-02   2.0140000e+03
  -5.5935000e+01   1.7775300e+02   4.6592265e-04   2.0140000e+03
  -5.3400000e+01   1.7634900e+02  -2.6099994e-01   2.0140000e+03
  -5.3480000e+01   1.7595500e+02  -1.7083892e-01   2.0140000e+03
  -5.1814000e+01   1.7645400e+02  -1.0146103e-01   2.0140000e+03
  -5.4357000e+01   1.6428900e+02   9.4667899e-02   2.0140000e+03
  -5.3736000e+01   1.6414700e+02   2.0230063e-01   2.0140000e+03
  -5.6781000e+01   1.7770200e+02  -5.1906274e-03   2.0140000e+03
  -5.2729410e+01   1.7545504e+02   3.2000048e-02   2.0140000e+03
  -5.2092110e+01   1.7592417e+02  -3.4000019e-02   2.0140000e+03
  -5.2654280e+01   1.7693231e+02  -7.0000038e-03   2.0140000e+03
  -5.6332310e+01   1.6383183e+02   7.6939841e-02   2.0140000e+03
  -5.6418160e+01   1.6292265e+02   5.6020022e-02   2.0140000e+03
  -5.7023690e+01   1.6433592e+02   2.5019598e-02   2.0140000e+03
  -5.6023590e+01   1.6067333e+02   9.0200743e-03   2.0140000e+03
  -5.6468770e+01   1.6225728e+02   6.0999949e-02   2.0140000e+03
  -5.7332330e+01   1.6336289e+02   4.1979984e-02   2.0140000e+03
  -5.5748000e+01   1.6606400e+02   8.4599939e-02   2.0140000e+03
  -5.5315000e+01   1.6830000e+02   3.5999689e-03   2.0140000e+03
  -5.5805000e+01   1.6312200e+02  -2.5414643e-01   2.0140000e+03
  -5.6914000e+01   1.6418000e+02  -3.3577271e-02   2.0140000e+03
  -5.8542000e+01   1.6449100e+02   4.2299862e-02   2.0140000e+03
  -5.7760000e+01   1.6726900e+02  -3.2615146e-03   2.0140000e+03
  -5.7979000e+01   1.6490600e+02   1.9317385e-02   2.0140000e+03
  -5.7587000e+01   1.6890500e+02   3.4116565e-02   2.0140000e+03
  -5.6710000e+01   1.6863900e+02   4.7547216e-02   2.0140000e+03
  -5.5259170e+01   1.7491081e+02   1.5999886e-02   2.0140000e+03
  -5.6156950e+01   1.7472593e+02   1.1000002e-02   2.0140000e+03
  -5.6603300e+01   1.7389855e+02  -1.2999966e-02   2.0140000e+03
  -5.7530160e+01   1.6876590e+02  -5.5999981e-02   2.0140000e+03
  -5.9252540e+01   1.6735324e+02   2.6999971e-02   2.0140000e+03
  -5.8809790e+01   1.6658627e+02   2.0980076e-02   2.0140000e+03
  -6.0766230e+01   1.6661356e+02   2.3936499e-02   2.0140000e+03
  -6.0791070e+01   1.6757889e+02  -1.1895228e-01   2.0140000e+03
  -5.7675850e+01   1.6811720e+02  -9.2980439e-02   2.0140000e+03
  -5.6151930e+01   1.6939592e+02  -8.0020018e-02   2.0140000e+03
  -5.5598380e+01   1.7049550e+02  -3.8019575e-02   2.0140000e+03
  -5.2100760e+01   1.6449178e+02  -4.5941008e-02   2.0140000e+03
  -5.2219540e+01   1.6468288e+02  -9.8000061e-02   2.0140000e+03
  -6.4078000e+01   1.7582100e+02   6.9365060e-02   2.0140000e+03
  -5.8843000e+01   1.6823100e+02   1.1000093e-02   2.0140000e+03
  -5.8733000e+01   1.6627700e+02  -3.9770027e-02   2.0140000e+03
  -5.7999000e+01   1.6720700e+02  -1.0121513e-01   2.0140000e+03
  -5.4421000e+01   1.7769000e+02   3.3426796e-02   2.0140000e+03
  -5.4516000e+01   1.7598500e+02   8.5955484e-02   2.0140000e+03
  -5.5585000e+01   1.7523000e+02   5.3851001e-02   2.0140000e+03
  -6.1198000e+01   1.6603700e+02   8.9000006e-02   2.0140000e+03
  -6.1206000e+01   1.6692500e+02   6.3554997e-02   2.0140000e+03
  -6.1550000e+01   1.6721000e+02   3.4450028e-02   2.0140000e+03
  -5.7110000e+01   1.7841600e+02   2.1100077e-02   2.0140000e+03
  -5.6718000e+01   1.7861900e+02   2.1095002e-02   2.0140000e+03
  -5.6635000e+01   1.7918900e+02  -1.1885064e-02   2.0140000e+03
  -5.7255000e+01   1.6447300e+02   2.9106004e-01   2.0140000e+03
  -5.7614000e+01   1.6892200e+02   1.4200007e-01   2.0140000e+03
  -6.2399000e+01   1.6825600e+02   9.6999978e-02   2.0140000e+03
  -6.2661000e+01   1.6878000e+02   2.4000027e-02   2.0140000e+03
  -5.5515000e+01   1.7142400e+02  -1.7899991e-01   2.0140000e+03
  -5.5044000e+01   1.7311500e+02  -1.6299990e-01   2.0140000e+03
  -5.5323000e+01   1.7392600e+02  -1.6600011e-01   2.0140000e+03
  -6.0731000e+01   1.6642800e+02   4.3174994e-02   2.0140000e+03
  -6.0844000e+01   1.6726100e+02  -2.8384926e-02   2.0140000e+03
  -6.0948000e+01   1.6815700e+02  -3.0430053e-02   2.0140000e+03
  -6.3700000e+01   1.6256800e+02  -6.8309978e-02   2.0140000e+03
  -6.3760000e+01   1.6291700e+02  -4.1999988e-02   2.0140000e+03
  -6.3732000e+01   1.6329400e+02  -9.5000012e-02   2.0140000e+03
  -5.7914000e+01   1.6876000e+02  -7.1478293e-02   2.0140000e+03
  -5.8858000e+01   1.6773000e+02   4.8160069e-02   2.0140000e+03
  -5.8039000e+01   1.6942400e+02  -8.2230776e-02   2.0140000e+03
  -5.8036000e+01   1.6103800e+02  -1.5192996e-01   2.0140000e+03
  -6.3269000e+01   1.6962300e+02  -2.0999983e-02   2.0140000e+03
  -6.2871000e+01   1.7050400e+02  -1.0500004e-01   2.0140000e+03
  -6.3113000e+01   1.7152600e+02  -2.4685075e-02   2.0140000e+03
  -5.7313110e+01   1.6822651e+02   4.2900004e-01   2.0150000e+03
  -5.7526250e+01   1.6817376e+02   4.4500000e-01   2.0150000e+03
  -5.7743880e+01   1.6815511e+02   4.2198079e-01   2.0150000e+03
  -5.7148080e+01   1.7212655e+02   2.4600007e-01   2.0150000e+03
  -5.8718940e+01   1.6911644e+02  -2.9882441e-02   2.0150000e+03
  -5.8965020e+01   1.6986764e+02  -6.3000072e-02   2.0150000e+03
  -5.9236600e+01   1.7027360e+02  -5.3999899e-02   2.0150000e+03
  -6.0325590e+01   1.7015049e+02   6.8000002e-02   2.0150000e+03
  -6.0501800e+01   1.6952146e+02   1.4400006e-01   2.0150000e+03
  -6.0116840e+01   1.6758545e+02  -4.0000315e-03   2.0150000e+03
  -6.0158040e+01   1.6787628e+02  -2.8000031e-02   2.0150000e+03
  -6.0190550e+01   1.6814062e+02   2.0999949e-02   2.0150000e+03
  -6.0839700e+01   1.6832623e+02   9.6039293e-02   2.0150000e+03
  -6.1103420e+01   1.6922081e+02   8.9999965e-02   2.0150000e+03
  -6.3331000e+01   1.7845400e+02   4.5097293e-02   2.0150000e+03
  -6.3033000e+01   1.7883700e+02  -3.6089364e-03   2.0150000e+03
  -6.2759000e+01   1.7910200e+02  -5.0916964e-02   2.0150000e+03
  -6.2754000e+01   1.7977600e+02  -4.7868355e-02   2.0150000e+03
  -5.0022650e+01   1.7820576e+02   1.5300010e-01   2.0150000e+03
  -6.1087690e+01   1.7820803e+02   5.1999920e-02   2.0150000e+03
  -6.0919350e+01   1.7893997e+02   6.4039338e-02   2.0150000e+03
  -6.0777270e+01   1.7947812e+02   6.9000069e-02   2.0150000e+03
  -5.0905710e+01   1.7626048e+02  -2.2999928e-02   2.0150000e+03
  -5.0731180e+01   1.7528157e+02  -4.1999912e-02   2.0150000e+03
  -6.1684880e+01   1.6628081e+02   1.3300003e-01   2.0150000e+03
  -6.1860110e+01   1.6658122e+02   2.0001997e-01   2.0150000e+03
  -6.2163670e+01   1.6741759e+02   1.1600003e-01   2.0150000e+03
  -6.2258150e+01   1.6406605e+02   5.0999973e-02   2.0150000e+03
  -6.2332260e+01   1.6458273e+02   6.1000029e-02   2.0150000e+03
  -6.2271450e+01   1.6523540e+02   3.9999495e-03   2.0150000e+03
  -6.3018270e+01   1.6583363e+02  -2.8804002e-01   2.0150000e+03
  -6.3017700e+01   1.6584024e+02  -3.1599998e-01   2.0150000e+03
  -6.3016570e+01   1.6584147e+02  -3.1193997e-01   2.0150000e+03
  -6.3186470e+01   1.6645317e+02  -2.7303923e-01   2.0150000e+03
  -6.3993780e+01   1.6524168e+02  -2.0000016e-02   2.0150000e+03
  -6.3993030e+01   1.6519356e+02  -1.7039249e-02   2.0150000e+03
  -6.3986070e+01   1.6513165e+02  -1.3000008e-02   2.0150000e+03
  -6.3914400e+01   1.6485786e+02  -9.0000291e-03   2.0150000e+03
  -6.3857850e+01   1.6488339e+02  -2.9000010e-02   2.0150000e+03
  -6.4996540e+01   1.6475730e+02   1.1600000e-01   2.0150000e+03
  -6.4974750e+01   1.6473545e+02   1.1798073e-01   2.0150000e+03
  -6.4947620e+01   1.6468081e+02   1.2400002e-01   2.0150000e+03
  -5.0391000e+01   1.7604100e+02   9.1616839e-04   2.0150000e+03
  -5.0207000e+01   1.7618100e+02   1.6904213e-01   2.0150000e+03
  -6.1032000e+01   1.7638500e+02   7.7579925e-02   2.0150000e+03
  -6.1128000e+01   1.7909300e+02   1.9681627e-02   2.0150000e+03
  -5.0706000e+01   1.6407800e+02   2.4869995e-01   2.0150000e+03
  -5.0663000e+01   1.6415600e+02   2.0899472e-01   2.0150000e+03
  -5.1093000e+01   1.7987500e+02   8.7058424e-03   2.0150000e+03
  -5.1263000e+01   1.7987400e+02   1.9719708e-02   2.0150000e+03
  -5.1747000e+01   1.7968600e+02   3.6655746e-02   2.0150000e+03
  -6.1886000e+01   1.7766000e+02  -1.2578004e-01   2.0150000e+03
  -6.1589000e+01   1.7781300e+02  -9.9842889e-02   2.0150000e+03
  -6.1545000e+01   1.7932100e+02  -1.0073998e-01   2.0150000e+03
  -5.5948000e+01   1.7433400e+02  -7.2000015e-02   2.0150000e+03
  -5.7216000e+01   1.7476500e+02  -7.2000065e-02   2.0150000e+03
  -5.7697000e+01   1.6222700e+02   8.4140061e-02   2.0150000e+03
  -5.7716000e+01   1.6336500e+02  -8.1299994e-03   2.0150000e+03
  -5.8597000e+01   1.7159000e+02   1.3999989e-01   2.0150000e+03
  -5.6993000e+01   1.6869400e+02   2.3080157e-02   2.0150000e+03
  -5.8358000e+01   1.6734900e+02   1.5022513e-01   2.0150000e+03
  -5.4460000e+01   1.7323000e+02  -7.2590644e-02   2.0150000e+03
  -5.5586000e+01   1.7502800e+02   2.5962961e-03   2.0150000e+03
  -5.4483000e+01   1.7503200e+02   7.4114875e-02   2.0150000e+03
  -5.4712007e+01   1.7008926e+02  -9.4982395e-02   2.0150000e+03
  -5.2505643e+01   1.7457678e+02   8.3490780e-02   2.0150000e+03
  -5.0368148e+01   1.7740618e+02   3.4809106e-03   2.0150000e+03
  -5.3404877e+01   1.6450062e+02   1.9138213e-01   2.0150000e+03
  -6.1514915e+01   1.6100931e+02  -1.7845417e-01   2.0150000e+03
  -6.1601118e+01   1.6238704e+02  -1.4608710e-01   2.0150000e+03
  -6.1862890e+01   1.6321319e+02  -1.4682500e-01   2.0150000e+03
  -5.3151172e+01   1.6304950e+02   3.2234782e-01   2.0150000e+03
  -5.3499732e+01   1.6331146e+02   2.2128619e-01   2.0150000e+03
  -5.9792000e+01   1.6298000e+02   1.4991237e-01   2.0150000e+03
  -5.9336000e+01   1.6299900e+02  -1.7288043e-02   2.0150000e+03
  -5.9487000e+01   1.6470800e+02   3.1952939e-03   2.0150000e+03
  -6.0214000e+01   1.6855100e+02   2.6785748e-02   2.0150000e+03
  -6.0480000e+01   1.6817100e+02  -6.1165272e-03   2.0150000e+03
  -6.1355000e+01   1.6906900e+02   1.0164290e-01   2.0150000e+03
  -5.2964000e+01   1.6306200e+02   3.2881236e-01   2.0150000e+03
  -5.3348000e+01   1.6315500e+02   2.6164656e-01   2.0150000e+03
  -5.3842000e+01   1.6392000e+02   1.5969842e-01   2.0150000e+03
  -6.3119000e+01   1.7290800e+02  -6.4600002e-01   2.0150000e+03
  -6.3325000e+01   1.7373000e+02  -6.0931501e-01   2.0150000e+03
  -6.3635000e+01   1.7393500e+02  -5.0300001e-01   2.0150000e+03
  -5.4127000e+01   1.6056600e+02  -1.0719375e-01   2.0150000e+03
  -5.6710000e+01   1.7516700e+02  -1.3459958e-02   2.0150000e+03
  -5.7187000e+01   1.7400200e+02  -3.7520042e-02   2.0150000e+03
  -5.6970000e+01   1.7318200e+02  -4.1747408e-02   2.0150000e+03
  -6.1817000e+01   1.6807900e+02   6.7435103e-02   2.0150000e+03
  -6.2130000e+01   1.6984100e+02   1.4471995e-01   2.0150000e+03
  -6.2475000e+01   1.7239300e+02  -1.3475083e-02   2.0150000e+03
  -5.9737000e+01   1.6096000e+02  -1.9074503e-01   2.0150000e+03
  -6.0194000e+01   1.6160900e+02  -2.0079497e-01   2.0150000e+03
  -5.3892000e+01   1.6178500e+02   1.6424162e-02   2.0150000e+03
  -5.6258000e+01   1.6411700e+02   1.7126554e-01   2.0150000e+03
  -5.5601000e+01   1.6935600e+02  -1.2689991e-01   2.0150000e+03
  -5.5290000e+01   1.6530600e+02   2.9280009e-01   2.0160000e+03
  -5.5295000e+01   1.6590500e+02   3.0399998e-01   2.0160000e+03
  -5.4568000e+01   1.7273400e+02   9.4224792e-03   2.0160000e+03
  -5.1067000e+01   1.6355500e+02   2.7803373e-02   2.0160000e+03
  -6.4781000e+01   1.6041300e+02   3.4493328e-02   2.0160000e+03
  -6.4803000e+01   1.6062900e+02   3.1139724e-02   2.0160000e+03
  -6.4729000e+01   1.6089500e+02   3.9210690e-02   2.0160000e+03
  -6.4627000e+01   1.6083100e+02   2.2348149e-02   2.0160000e+03
  -5.0187000e+01   1.6035300e+02   1.4916279e-01   2.0160000e+03
  -5.0045000e+01   1.6083500e+02   7.5249103e-02   2.0160000e+03
  -5.0028000e+01   1.6096700e+02   1.4982692e-01   2.0160000e+03
  -6.4204200e+01   1.7743768e+02  -2.4899998e-01   2.0160000e+03
  -6.4186400e+01   1.7767421e+02  -3.3501960e-01   2.0160000e+03
  -6.4065000e+01   1.7920400e+02  -2.0995995e-01   2.0160000e+03
  -6.0374430e+01   1.7930415e+02   6.5999886e-02   2.0160000e+03
  -6.0327670e+01   1.7964104e+02   3.9000113e-02   2.0160000e+03
  -6.0248900e+01   1.7988840e+02   4.5999947e-02   2.0160000e+03
  -5.9399900e+01   1.7099939e+02   1.1399995e-01   2.0160000e+03
  -6.4206320e+01   1.6572026e+02   3.4980385e-02   2.0160000e+03
  -6.4172060e+01   1.6605359e+02   2.5999982e-02   2.0160000e+03
  -5.5698000e+01   1.7547100e+02  -3.3400051e-02   2.0160000e+03
  -5.6893000e+01   1.7603100e+02   4.4919985e-02   2.0160000e+03
  -5.7195000e+01   1.7643400e+02   4.4440018e-02   2.0160000e+03
  -5.5622941e+01   1.7392017e+02  -1.5704406e-01   2.0160000e+03
  -5.6810786e+01   1.7416201e+02  -2.3800002e-01   2.0160000e+03
  -5.7155128e+01   1.7270311e+02  -1.4300011e-01   2.0160000e+03
  -5.8075331e+01   1.7189417e+02  -1.3059847e-02   2.0160000e+03
  -5.7880963e+01   1.7204980e+02  -2.0549870e-03   2.0160000e+03
  -5.7603435e+01   1.7168007e+02  -3.1039776e-02   2.0160000e+03
  -5.9807249e+01   1.7493887e+02  -2.4999998e-02   2.0160000e+03
  -5.9707126e+01   1.7651895e+02  -2.9052006e-03   2.0160000e+03
  -5.9327083e+01   1.7747033e+02  -2.2055361e-02   2.0160000e+03
  -6.0252662e+01   1.7307232e+02   2.9063575e-02   2.0160000e+03
  -6.0526934e+01   1.7292660e+02   8.3920088e-02   2.0160000e+03
  -6.0800851e+01   1.7290585e+02   1.3994811e-01   2.0160000e+03
  -6.2098218e+01   1.7453831e+02   2.0094695e-01   2.0160000e+03
  -6.2255774e+01   1.7531052e+02   1.8399998e-01   2.0160000e+03
  -6.1864899e+01   1.7603461e+02   9.3933111e-02   2.0160000e+03
  -5.3590000e+01   1.7999500e+02   4.4325398e-02   2.0160000e+03
  -5.3135000e+01   1.7932600e+02   8.3232211e-02   2.0160000e+03
  -6.2411000e+01   1.6725900e+02   1.6848996e-01   2.0160000e+03
  -6.2758000e+01   1.6849900e+02   1.6025497e-01   2.0160000e+03
  -6.2516000e+01   1.6930200e+02   1.3321999e-01   2.0160000e+03
  -6.0830000e+01   1.7196000e+02   8.2150006e-02   2.0160000e+03
  -6.1559000e+01   1.7312500e+02   2.1774996e-01   2.0160000e+03
  -6.0642000e+01   1.7375200e+02   1.0158509e-01   2.0160000e+03
  -6.1708000e+01   1.7765900e+02  -4.4072133e-02   2.0160000e+03
  -6.2004000e+01   1.7763200e+02  -2.6427201e-02   2.0160000e+03
  -6.2413000e+01   1.7770300e+02   2.2264520e-02   2.0160000e+03
  -6.0984000e+01   1.6658900e+02   9.9499986e-02   2.0160000e+03
  -6.1523000e+01   1.6726500e+02   2.1631992e-01   2.0160000e+03
  -6.1613000e+01   1.6946500e+02  -8.7855005e-02   2.0160000e+03
  -5.4008000e+01   1.6010600e+02  -3.5815012e-02   2.0160000e+03
  -5.4330000e+01   1.6111100e+02  -8.5699916e-02   2.0160000e+03
  -5.5746000e+01   1.7203100e+02  -2.3360005e-02   2.0160000e+03
  -5.5693000e+01   1.7278900e+02  -9.6299154e-03   2.0160000e+03
  -5.9522000e+01   1.7789600e+02  -3.5500376e-03   2.0160000e+03
  -5.9471000e+01   1.7809400e+02  -2.5999926e-02   2.0160000e+03
  -5.9327000e+01   1.7914500e+02  -2.0523753e-02   2.0160000e+03
  -5.5322000e+01   1.6868100e+02  -7.8249792e-02   2.0160000e+03
  -5.4627000e+01   1.7242700e+02  -2.9754935e-02   2.0160000e+03
  -6.3186000e+01   1.7020000e+02  -9.2000022e-02   2.0160000e+03
  -6.3204000e+01   1.7002400e+02  -7.9999743e-03   2.0160000e+03
  -6.3101000e+01   1.6982200e+02  -2.3889974e-02   2.0160000e+03
  -5.1836000e+01   1.6057500e+02   9.2799527e-03   2.0160000e+03
  -5.0946000e+01   1.6100800e+02   1.0000013e-02   2.0160000e+03
  -5.0315000e+01   1.6124100e+02   4.0735047e-02   2.0160000e+03
  -5.8911000e+01   1.6413400e+02   1.2245996e-01   2.0160000e+03
  -5.8995000e+01   1.6435200e+02   5.3950748e-03   2.0160000e+03
  -5.9157000e+01   1.6422800e+02   8.0400285e-03   2.0160000e+03
  -6.3455000e+01   1.6622300e+02  -1.9395502e-01   2.0160000e+03
  -6.3732000e+01   1.6711000e+02  -1.1882000e-01   2.0160000e+03
  -6.3885000e+01   1.6783200e+02  -9.3810045e-02   2.0160000e+03
  -5.0113000e+01   1.7927700e+02   5.1090003e-02   2.0160000e+03
  -6.1369000e+01   1.6051800e+02   4.9075028e-02   2.0160000e+03
  -6.1151000e+01   1.6211500e+02  -6.2259988e-02   2.0160000e+03
  -5.6419000e+01   1.7983600e+02   1.0378770e-02   2.0160000e+03
  -5.7955000e+01   1.7657300e+02  -2.4721041e-02   2.0160000e+03
  -5.8156000e+01   1.7643600e+02  -4.2823231e-02   2.0160000e+03
  -5.8285000e+01   1.7707000e+02  -6.1672219e-03   2.0160000e+03
  -6.0491000e+01   1.7000700e+02   3.7769938e-02   2.0160000e+03
  -6.0891000e+01   1.7056600e+02   9.8832402e-02   2.0160000e+03
